66
26
72
3
67
26
72
3
68
26
72
3
69
26
72
3
70
26
72
3
71
26
72
3
72
26
72
3
72
25
72
3
72
24
72
3
72
23
72
3
72
22
72
3
72
21
72
3
72
20
72
3
72
19
72
3
72
18
72
3
72
17
72
3
72
16
72
3
72
15
72
3
72
14
72
3
72
13
72
3
72
12
72
3
72
11
72
3
72
10
72
3
72
9
72
3
72
8
72
3
72
7
72
3
72
6
72
3
72
5
72
3
72
4
72
3
72
3
14
8
72
4
14
8
72
5
14
8
72
6
14
8
72
7
14
8
72
8
14
8
71
8
14
8
70
8
14
8
69
8
14
8
68
8
14
8
67
8
14
8
66
8
14
8
65
8
14
8
64
8
14
8
63
8
14
8
62
8
14
8
61
8
14
8
60
8
14
8
59
8
14
8
58
8
14
8
57
8
14
8
56
8
14
8
55
8
14
8
54
8
14
8
53
8
14
8
52
8
14
8
51
8
14
8
50
8
14
8
49
8
14
8
48
8
14
8
47
8
14
8
46
8
14
8
45
8
14
8
44
8
14
8
43
8
14
8
42
8
14
8
41
8
14
8
40
8
14
8
39
8
14
8
38
8
14
8
37
8
14
8
36
8
14
8
35
8
14
8
34
8
14
8
33
8
14
8
32
8
14
8
31
8
14
8
30
8
14
8
29
8
14
8
28
8
14
8
27
8
14
8
26
8
14
8
25
8
14
8
24
8
14
8
23
8
14
8
22
8
14
8
21
8
14
8
20
8
14
8
19
8
14
8
18
8
14
8
17
8
14
8
16
8
14
8
15
8
14
8
14
8
55
4
14
7
55
4
14
6
55
4
14
5
55
4
14
4
55
4
15
4
55
4
16
4
55
4
17
4
55
4
18
4
55
4
19
4
55
4
20
4
55
4
21
4
55
4
22
4
55
4
23
4
55
4
24
4
55
4
25
4
55
4
26
4
55
4
27
4
55
4
28
4
55
4
29
4
55
4
30
4
55
4
31
4
55
4
32
4
55
4
33
4
55
4
34
4
55
4
35
4
55
4
36
4
55
4
37
4
55
4
38
4
55
4
39
4
55
4
40
4
55
4
41
4
55
4
42
4
55
4
43
4
55
4
44
4
55
4
45
4
55
4
46
4
55
4
47
4
55
4
48
4
55
4
49
4
55
4
50
4
55
4
51
4
55
4
52
4
55
4
53
4
55
4
54
4
55
4
55
4
16
16
55
5
16
16
55
6
16
16
55
7
16
16
55
8
16
16
55
9
16
16
55
10
16
16
55
11
16
16
55
12
16
16
55
13
16
16
55
14
16
16
55
15
16
16
55
16
16
16
54
16
16
16
53
16
16
16
52
16
16
16
51
16
16
16
50
16
16
16
49
16
16
16
48
16
16
16
47
16
16
16
46
16
16
16
45
16
16
16
44
16
16
16
43
16
16
16
42
16
16
16
41
16
16
16
40
16
16
16
39
16
16
16
38
16
16
16
37
16
16
16
36
16
16
16
35
16
16
16
34
16
16
16
33
16
16
16
32
16
16
16
31
16
16
16
30
16
16
16
29
16
16
16
28
16
16
16
27
16
16
16
26
16
16
16
25
16
16
16
24
16
16
16
23
16
16
16
22
16
16
16
21
16
16
16
20
16
16
16
19
16
16
16
18
16
16
16
17
16
16
16
16
16
37
12
16
15
37
12
16
14
37
12
16
13
37
12
16
12
37
12
17
12
37
12
18
12
37
12
19
12
37
12
20
12
37
12
21
12
37
12
22
12
37
12
23
12
37
12
24
12
37
12
25
12
37
12
26
12
37
12
27
12
37
12
28
12
37
12
29
12
37
12
30
12
37
12
31
12
37
12
32
12
37
12
33
12
37
12
34
12
37
12
35
12
37
12
36
12
37
12
37
12
55
14
38
12
55
14
39
12
55
14
40
12
55
14
41
12
55
14
42
12
55
14
43
12
55
14
44
12
55
14
45
12
55
14
46
12
55
14
47
12
55
14
48
12
55
14
49
12
55
14
50
12
55
14
51
12
55
14
52
12
55
14
53
12
55
14
54
12
55
14
55
12
55
14
55
13
55
14
55
14
46
15
55
15
46
15
54
15
46
15
53
15
46
15
52
15
46
15
51
15
46
15
50
15
46
15
49
15
46
15
48
15
46
15
47
15
46
15
46
15
68
8
46
14
68
8
46
13
68
8
46
12
68
8
46
11
68
8
46
10
68
8
46
9
68
8
46
8
68
8
47
8
68
8
48
8
68
8
49
8
68
8
50
8
68
8
51
8
68
8
52
8
68
8
53
8
68
8
54
8
68
8
55
8
68
8
56
8
68
8
57
8
68
8
58
8
68
8
59
8
68
8
60
8
68
8
61
8
68
8
62
8
68
8
63
8
68
8
64
8
68
8
65
8
68
8
66
8
68
8
67
8
68
8
68
8
50
12
68
9
50
12
68
10
50
12
68
11
50
12
68
12
50
12
67
12
50
12
66
12
50
12
65
12
50
12
64
12
50
12
63
12
50
12
62
12
50
12
61
12
50
12
60
12
50
12
59
12
50
12
58
12
50
12
57
12
50
12
56
12
50
12
55
12
50
12
54
12
50
12
53
12
50
12
52
12
50
12
51
12
50
12
50
12
72
0
50
11
72
0
50
10
72
0
50
9
72
0
50
8
72
0
50
7
72
0
50
6
72
0
50
5
72
0
50
4
72
0
50
3
72
0
50
2
72
0
50
1
72
0
50
0
72
0
51
0
72
0
52
0
72
0
53
0
72
0
54
0
72
0
55
0
72
0
56
0
72
0
57
0
72
0
58
0
72
0
59
0
72
0
60
0
72
0
61
0
72
0
62
0
72
0
63
0
72
0
64
0
72
0
65
0
72
0
66
0
72
0
67
0
72
0
68
0
72
0
69
0
72
0
70
0
72
0
71
0
72
0
72
0
28
33
72
1
28
33
72
2
28
33
72
3
28
33
72
4
28
33
72
5
28
33
72
6
28
33
72
7
28
33
72
8
28
33
72
9
28
33
72
10
28
33
72
11
28
33
72
12
28
33
72
13
28
33
72
14
28
33
72
15
28
33
72
16
28
33
72
17
28
33
72
18
28
33
72
19
28
33
72
20
28
33
72
21
28
33
72
22
28
33
72
23
28
33
72
24
28
33
72
25
28
33
72
26
28
33
72
27
28
33
72
28
28
33
72
29
28
33
72
30
28
33
72
31
28
33
72
32
28
33
72
33
28
33
71
33
28
33
70
33
28
33
69
33
28
33
68
33
28
33
67
33
28
33
66
33
28
33
65
33
28
33
64
33
28
33
63
33
28
33
62
33
28
33
61
33
28
33
60
33
28
33
59
33
28
33
58
33
28
33
57
33
28
33
56
33
28
33
55
33
28
33
54
33
28
33
53
33
28
33
52
33
28
33
51
33
28
33
50
33
28
33
49
33
28
33
48
33
28
33
47
33
28
33
46
33
28
33
45
33
28
33
44
33
28
33
43
33
28
33
42
33
28
33
41
33
28
33
40
33
28
33
39
33
28
33
38
33
28
33
37
33
28
33
36
33
28
33
35
33
28
33
34
33
28
33
33
33
28
33
32
33
28
33
31
33
28
33
30
33
28
33
29
33
28
33
28
33
46
16
28
32
46
16
28
31
46
16
28
30
46
16
28
29
46
16
28
28
46
16
28
27
46
16
28
26
46
16
28
25
46
16
28
24
46
16
28
23
46
16
28
22
46
16
28
21
46
16
28
20
46
16
28
19
46
16
28
18
46
16
28
17
46
16
28
16
46
16
29
16
46
16
30
16
46
16
31
16
46
16
32
16
46
16
33
16
46
16
34
16
46
16
35
16
46
16
36
16
46
16
37
16
46
16
38
16
46
16
39
16
46
16
40
16
46
16
41
16
46
16
42
16
46
16
43
16
46
16
44
16
46
16
45
16
46
16
46
16
62
28
47
16
62
28
48
16
62
28
49
16
62
28
50
16
62
28
51
16
62
28
52
16
62
28
53
16
62
28
54
16
62
28
55
16
62
28
56
16
62
28
57
16
62
28
58
16
62
28
59
16
62
28
60
16
62
28
61
16
62
28
62
16
62
28
62
17
62
28
62
18
62
28
62
19
62
28
62
20
62
28
62
21
62
28
62
22
62
28
62
23
62
28
62
24
62
28
62
25
62
28
62
26
62
28
62
27
62
28
62
28
16
29
62
29
16
29
61
29
16
29
60
29
16
29
59
29
16
29
58
29
16
29
57
29
16
29
56
29
16
29
55
29
16
29
54
29
16
29
53
29
16
29
52
29
16
29
51
29
16
29
50
29
16
29
49
29
16
29
48
29
16
29
47
29
16
29
46
29
16
29
45
29
16
29
44
29
16
29
43
29
16
29
42
29
16
29
41
29
16
29
40
29
16
29
39
29
16
29
38
29
16
29
37
29
16
29
36
29
16
29
35
29
16
29
34
29
16
29
33
29
16
29
32
29
16
29
31
29
16
29
30
29
16
29
29
29
16
29
28
29
16
29
27
29
16
29
26
29
16
29
25
29
16
29
24
29
16
29
23
29
16
29
22
29
16
29
21
29
16
29
20
29
16
29
19
29
16
29
18
29
16
29
17
29
16
29
16
29
13
2
15
29
13
2
14
29
13
2
13
29
13
2
13
28
13
2
13
27
13
2
13
26
13
2
13
25
13
2
13
24
13
2
13
23
13
2
13
22
13
2
13
21
13
2
13
20
13
2
13
19
13
2
13
18
13
2
13
17
13
2
13
16
13
2
13
15
13
2
13
14
13
2
13
13
13
2
13
12
13
2
13
11
13
2
13
10
13
2
13
9
13
2
13
8
13
2
13
7
13
2
13
6
13
2
13
5
13
2
13
4
13
2
13
3
13
2
13
2
55
2
14
2
55
2
15
2
55
2
16
2
55
2
17
2
55
2
18
2
55
2
19
2
55
2
20
2
55
2
21
2
55
2
22
2
55
2
23
2
55
2
24
2
55
2
25
2
55
2
26
2
55
2
27
2
55
2
28
2
55
2
29
2
55
2
30
2
55
2
31
2
55
2
32
2
55
2
33
2
55
2
34
2
55
2
35
2
55
2
36
2
55
2
37
2
55
2
38
2
55
2
39
2
55
2
40
2
55
2
41
2
55
2
42
2
55
2
43
2
55
2
44
2
55
2
45
2
55
2
46
2
55
2
47
2
55
2
48
2
55
2
49
2
55
2
50
2
55
2
51
2
55
2
52
2
55
2
53
2
55
2
54
2
55
2
55
2
65
13
56
2
65
13
57
2
65
13
58
2
65
13
59
2
65
13
60
2
65
13
61
2
65
13
62
2
65
13
63
2
65
13
64
2
65
13
65
2
65
13
65
3
65
13
65
4
65
13
65
5
65
13
65
6
65
13
65
7
65
13
65
8
65
13
65
9
65
13
65
10
65
13
65
11
65
13
65
12
65
13
65
13
67
31
65
14
67
31
65
15
67
31
65
16
67
31
65
17
67
31
65
18
67
31
65
19
67
31
65
20
67
31
65
21
67
31
65
22
67
31
65
23
67
31
65
24
67
31
65
25
67
31
65
26
67
31
65
27
67
31
65
28
67
31
65
29
67
31
65
30
67
31
65
31
67
31
66
31
67
31
67
31
72
28
68
31
72
28
69
31
72
28
70
31
72
28
71
31
72
28
72
31
72
28
72
30
72
28
72
29
72
28
72
28
30
6
72
27
30
6
72
26
30
6
72
25
30
6
72
24
30
6
72
23
30
6
72
22
30
6
72
21
30
6
72
20
30
6
72
19
30
6
72
18
30
6
72
17
30
6
72
16
30
6
72
15
30
6
72
14
30
6
72
13
30
6
72
12
30
6
72
11
30
6
72
10
30
6
72
9
30
6
72
8
30
6
72
7
30
6
72
6
30
6
71
6
30
6
70
6
30
6
69
6
30
6
68
6
30
6
67
6
30
6
66
6
30
6
65
6
30
6
64
6
30
6
63
6
30
6
62
6
30
6
61
6
30
6
60
6
30
6
59
6
30
6
58
6
30
6
57
6
30
6
56
6
30
6
55
6
30
6
54
6
30
6
53
6
30
6
52
6
30
6
51
6
30
6
50
6
30
6
49
6
30
6
48
6
30
6
47
6
30
6
46
6
30
6
45
6
30
6
44
6
30
6
43
6
30
6
42
6
30
6
41
6
30
6
40
6
30
6
39
6
30
6
38
6
30
6
37
6
30
6
36
6
30
6
35
6
30
6
34
6
30
6
33
6
30
6
32
6
30
6
31
6
30
6
30
6
26
12
29
6
26
12
28
6
26
12
27
6
26
12
26
6
26
12
26
7
26
12
26
8
26
12
26
9
26
12
26
10
26
12
26
11
26
12
26
12
44
7
27
12
44
7
28
12
44
7
29
12
44
7
30
12
44
7
31
12
44
7
32
12
44
7
33
12
44
7
34
12
44
7
35
12
44
7
36
12
44
7
37
12
44
7
38
12
44
7
39
12
44
7
40
12
44
7
41
12
44
7
42
12
44
7
43
12
44
7
44
12
44
7
44
11
44
7
44
10
44
7
44
9
44
7
44
8
44
7
44
7
31
14
43
7
31
14
42
7
31
14
41
7
31
14
40
7
31
14
39
7
31
14
38
7
31
14
37
7
31
14
36
7
31
14
35
7
31
14
34
7
31
14
33
7
31
14
32
7
31
14
31
7
31
14
31
8
31
14
31
9
31
14
31
10
31
14
31
11
31
14
32
11
31
14
33
11
31
14
34
11
31
14
35
11
31
14
36
11
31
14
37
11
31
14
38
11
31
14
39
11
31
14
40
11
31
14
41
11
31
14
41
10
31
14
40
10
31
14
39
10
31
14
38
10
31
14
37
10
31
14
36
10
31
14
35
10
31
14
34
10
31
14
33
10
31
14
33
9
31
14
34
9
31
14
35
9
31
14
36
9
31
14
37
9
31
14
38
9
31
14
39
9
31
14
40
9
31
14
41
9
31
14
42
9
31
14
42
10
31
14
42
11
31
14
43
11
31
14
43
10
31
14
43
9
31
14
43
8
31
14
42
8
31
14
41
8
31
14
40
8
31
14
39
8
31
14
38
8
31
14
37
8
31
14
36
8
31
14
35
8
31
14
34
8
31
14
33
8
31
14
32
8
31
14
32
9
31
14
32
10
31
14
32
11
31
14
