11
17
21
27
12
17
21
27
13
17
21
27
14
17
21
27
15
17
21
27
16
17
21
27
17
17
21
27
18
17
21
27
19
17
21
27
20
17
21
27
21
17
21
27
21
18
21
27
21
19
21
27
21
20
21
27
21
21
21
27
21
22
21
27
21
23
21
27
21
24
21
27
21
25
21
27
21
26
21
27
21
27
56
20
21
26
56
20
21
25
56
20
21
24
56
20
21
23
56
20
21
22
56
20
21
21
56
20
21
20
56
20
22
20
56
20
23
20
56
20
24
20
56
20
25
20
56
20
26
20
56
20
27
20
56
20
28
20
56
20
29
20
56
20
30
20
56
20
31
20
56
20
32
20
56
20
33
20
56
20
34
20
56
20
35
20
56
20
36
20
56
20
37
20
56
20
38
20
56
20
39
20
56
20
40
20
56
20
41
20
56
20
42
20
56
20
43
20
56
20
44
20
56
20
45
20
56
20
46
20
56
20
47
20
56
20
48
20
56
20
49
20
56
20
50
20
56
20
51
20
56
20
52
20
56
20
53
20
56
20
54
20
56
20
55
20
56
20
56
20
26
34
56
21
26
34
56
22
26
34
56
23
26
34
56
24
26
34
56
25
26
34
56
26
26
34
56
27
26
34
56
28
26
34
56
29
26
34
56
30
26
34
56
31
26
34
56
32
26
34
56
33
26
34
56
34
26
34
55
34
26
34
54
34
26
34
53
34
26
34
52
34
26
34
51
34
26
34
50
34
26
34
49
34
26
34
48
34
26
34
47
34
26
34
46
34
26
34
45
34
26
34
44
34
26
34
43
34
26
34
42
34
26
34
41
34
26
34
40
34
26
34
39
34
26
34
38
34
26
34
37
34
26
34
36
34
26
34
35
34
26
34
34
34
26
34
33
34
26
34
32
34
26
34
31
34
26
34
30
34
26
34
29
34
26
34
28
34
26
34
27
34
26
34
26
34
52
9
26
33
52
9
26
32
52
9
26
31
52
9
26
30
52
9
26
29
52
9
26
28
52
9
26
27
52
9
26
26
52
9
26
25
52
9
26
24
52
9
26
23
52
9
26
22
52
9
26
21
52
9
26
20
52
9
26
19
52
9
26
18
52
9
26
17
52
9
26
16
52
9
26
15
52
9
26
14
52
9
26
13
52
9
26
12
52
9
26
11
52
9
26
10
52
9
26
9
52
9
27
9
52
9
28
9
52
9
29
9
52
9
30
9
52
9
31
9
52
9
32
9
52
9
33
9
52
9
34
9
52
9
35
9
52
9
36
9
52
9
37
9
52
9
38
9
52
9
39
9
52
9
40
9
52
9
41
9
52
9
42
9
52
9
43
9
52
9
44
9
52
9
45
9
52
9
46
9
52
9
47
9
52
9
48
9
52
9
49
9
52
9
50
9
52
9
51
9
52
9
52
9
23
1
52
8
23
1
52
7
23
1
52
6
23
1
52
5
23
1
52
4
23
1
52
3
23
1
52
2
23
1
52
1
23
1
51
1
23
1
50
1
23
1
49
1
23
1
48
1
23
1
47
1
23
1
46
1
23
1
45
1
23
1
44
1
23
1
43
1
23
1
42
1
23
1
41
1
23
1
40
1
23
1
39
1
23
1
38
1
23
1
37
1
23
1
36
1
23
1
35
1
23
1
34
1
23
1
33
1
23
1
32
1
23
1
31
1
23
1
30
1
23
1
29
1
23
1
28
1
23
1
27
1
23
1
26
1
23
1
25
1
23
1
24
1
23
1
23
1
5
26
22
1
5
26
21
1
5
26
20
1
5
26
19
1
5
26
18
1
5
26
17
1
5
26
16
1
5
26
15
1
5
26
14
1
5
26
13
1
5
26
12
1
5
26
11
1
5
26
10
1
5
26
9
1
5
26
8
1
5
26
7
1
5
26
6
1
5
26
5
1
5
26
5
2
5
26
5
3
5
26
5
4
5
26
5
5
5
26
5
6
5
26
5
7
5
26
5
8
5
26
5
9
5
26
5
10
5
26
5
11
5
26
5
12
5
26
5
13
5
26
5
14
5
26
5
15
5
26
5
16
5
26
5
17
5
26
5
18
5
26
5
19
5
26
5
20
5
26
5
21
5
26
5
22
5
26
5
23
5
26
5
24
5
26
5
25
5
26
5
26
11
2
6
26
11
2
7
26
11
2
8
26
11
2
9
26
11
2
10
26
11
2
11
26
11
2
11
25
11
2
11
24
11
2
11
23
11
2
11
22
11
2
11
21
11
2
11
20
11
2
11
19
11
2
11
18
11
2
11
17
11
2
11
16
11
2
11
15
11
2
11
14
11
2
11
13
11
2
11
12
11
2
11
11
11
2
11
10
11
2
11
9
11
2
11
8
11
2
11
7
11
2
11
6
11
2
11
5
11
2
11
4
11
2
11
3
11
2
11
2
55
14
12
2
55
14
13
2
55
14
14
2
55
14
15
2
55
14
16
2
55
14
17
2
55
14
18
2
55
14
19
2
55
14
20
2
55
14
21
2
55
14
22
2
55
14
23
2
55
14
24
2
55
14
25
2
55
14
26
2
55
14
27
2
55
14
28
2
55
14
29
2
55
14
30
2
55
14
31
2
55
14
32
2
55
14
33
2
55
14
34
2
55
14
35
2
55
14
36
2
55
14
37
2
55
14
38
2
55
14
39
2
55
14
40
2
55
14
41
2
55
14
42
2
55
14
43
2
55
14
44
2
55
14
45
2
55
14
46
2
55
14
47
2
55
14
48
2
55
14
49
2
55
14
50
2
55
14
51
2
55
14
52
2
55
14
53
2
55
14
54
2
55
14
55
2
55
14
55
3
55
14
55
4
55
14
55
5
55
14
55
6
55
14
55
7
55
14
55
8
55
14
55
9
55
14
55
10
55
14
55
11
55
14
55
12
55
14
55
13
55
14
55
14
57
29
55
15
57
29
55
16
57
29
55
17
57
29
55
18
57
29
55
19
57
29
55
20
57
29
55
21
57
29
55
22
57
29
55
23
57
29
55
24
57
29
55
25
57
29
55
26
57
29
55
27
57
29
55
28
57
29
55
29
57
29
56
29
57
29
57
29
17
31
57
30
17
31
57
31
17
31
56
31
17
31
55
31
17
31
54
31
17
31
53
31
17
31
52
31
17
31
51
31
17
31
50
31
17
31
49
31
17
31
48
31
17
31
47
31
17
31
46
31
17
31
45
31
17
31
44
31
17
31
43
31
17
31
42
31
17
31
41
31
17
31
40
31
17
31
39
31
17
31
38
31
17
31
37
31
17
31
36
31
17
31
35
31
17
31
34
31
17
31
33
31
17
31
32
31
17
31
31
31
17
31
30
31
17
31
29
31
17
31
28
31
17
31
27
31
17
31
26
31
17
31
25
31
17
31
24
31
17
31
23
31
17
31
22
31
17
31
21
31
17
31
20
31
17
31
19
31
17
31
18
31
17
31
17
31
69
22
17
30
69
22
17
29
69
22
17
28
69
22
17
27
69
22
17
26
69
22
17
25
69
22
17
24
69
22
17
23
69
22
17
22
69
22
18
22
69
22
19
22
69
22
20
22
69
22
21
22
69
22
22
22
69
22
23
22
69
22
24
22
69
22
25
22
69
22
26
22
69
22
27
22
69
22
28
22
69
22
29
22
69
22
30
22
69
22
31
22
69
22
32
22
69
22
33
22
69
22
34
22
69
22
35
22
69
22
36
22
69
22
37
22
69
22
38
22
69
22
39
22
69
22
40
22
69
22
41
22
69
22
42
22
69
22
43
22
69
22
44
22
69
22
45
22
69
22
46
22
69
22
47
22
69
22
48
22
69
22
49
22
69
22
50
22
69
22
51
22
69
22
52
22
69
22
53
22
69
22
54
22
69
22
55
22
69
22
56
22
69
22
57
22
69
22
58
22
69
22
59
22
69
22
60
22
69
22
61
22
69
22
62
22
69
22
63
22
69
22
64
22
69
22
65
22
69
22
66
22
69
22
67
22
69
22
68
22
69
22
69
22
15
31
69
23
15
31
69
24
15
31
69
25
15
31
69
26
15
31
69
27
15
31
69
28
15
31
69
29
15
31
69
30
15
31
69
31
15
31
68
31
15
31
67
31
15
31
66
31
15
31
65
31
15
31
64
31
15
31
63
31
15
31
62
31
15
31
61
31
15
31
60
31
15
31
59
31
15
31
58
31
15
31
57
31
15
31
56
31
15
31
55
31
15
31
54
31
15
31
53
31
15
31
52
31
15
31
51
31
15
31
50
31
15
31
49
31
15
31
48
31
15
31
47
31
15
31
46
31
15
31
45
31
15
31
44
31
15
31
43
31
15
31
42
31
15
31
41
31
15
31
40
31
15
31
39
31
15
31
38
31
15
31
37
31
15
31
36
31
15
31
35
31
15
31
34
31
15
31
33
31
15
31
32
31
15
31
31
31
15
31
30
31
15
31
29
31
15
31
28
31
15
31
27
31
15
31
26
31
15
31
25
31
15
31
24
31
15
31
23
31
15
31
22
31
15
31
21
31
15
31
20
31
15
31
19
31
15
31
18
31
15
31
17
31
15
31
16
31
15
31
15
31
1
31
14
31
1
31
13
31
1
31
12
31
1
31
11
31
1
31
10
31
1
31
9
31
1
31
8
31
1
31
7
31
1
31
6
31
1
31
5
31
1
31
4
31
1
31
3
31
1
31
2
31
1
31
1
31
10
7
1
30
10
7
1
29
10
7
1
28
10
7
1
27
10
7
1
26
10
7
1
25
10
7
1
24
10
7
1
23
10
7
1
22
10
7
1
21
10
7
1
20
10
7
1
19
10
7
1
18
10
7
1
17
10
7
1
16
10
7
1
15
10
7
1
14
10
7
1
13
10
7
1
12
10
7
1
11
10
7
1
10
10
7
1
9
10
7
1
8
10
7
1
7
10
7
2
7
10
7
3
7
10
7
4
7
10
7
5
7
10
7
6
7
10
7
7
7
10
7
8
7
10
7
9
7
10
7
10
7
18
14
11
7
18
14
12
7
18
14
13
7
18
14
14
7
18
14
15
7
18
14
16
7
18
14
17
7
18
14
18
7
18
14
18
8
18
14
18
9
18
14
18
10
18
14
18
11
18
14
18
12
18
14
18
13
18
14
18
14
64
20
18
15
64
20
18
16
64
20
18
17
64
20
18
18
64
20
18
19
64
20
18
20
64
20
19
20
64
20
20
20
64
20
21
20
64
20
22
20
64
20
23
20
64
20
24
20
64
20
25
20
64
20
26
20
64
20
27
20
64
20
28
20
64
20
29
20
64
20
30
20
64
20
31
20
64
20
32
20
64
20
33
20
64
20
34
20
64
20
35
20
64
20
36
20
64
20
37
20
64
20
38
20
64
20
39
20
64
20
40
20
64
20
41
20
64
20
42
20
64
20
43
20
64
20
44
20
64
20
45
20
64
20
46
20
64
20
47
20
64
20
48
20
64
20
49
20
64
20
50
20
64
20
51
20
64
20
52
20
64
20
53
20
64
20
54
20
64
20
55
20
64
20
56
20
64
20
57
20
64
20
58
20
64
20
59
20
64
20
60
20
64
20
61
20
64
20
62
20
64
20
63
20
64
20
64
20
48
3
64
19
48
3
64
18
48
3
64
17
48
3
64
16
48
3
64
15
48
3
64
14
48
3
64
13
48
3
64
12
48
3
64
11
48
3
64
10
48
3
64
9
48
3
64
8
48
3
64
7
48
3
64
6
48
3
64
5
48
3
64
4
48
3
64
3
48
3
63
3
48
3
62
3
48
3
61
3
48
3
60
3
48
3
59
3
48
3
58
3
48
3
57
3
48
3
56
3
48
3
55
3
48
3
54
3
48
3
53
3
48
3
52
3
48
3
51
3
48
3
50
3
48
3
49
3
48
3
48
3
62
10
48
4
62
10
48
5
62
10
48
6
62
10
48
7
62
10
48
8
62
10
48
9
62
10
48
10
62
10
49
10
62
10
50
10
62
10
51
10
62
10
52
10
62
10
53
10
62
10
54
10
62
10
55
10
62
10
56
10
62
10
57
10
62
10
58
10
62
10
59
10
62
10
60
10
62
10
61
10
62
10
62
10
62
2
62
9
62
2
62
8
62
2
62
7
62
2
62
6
62
2
62
5
62
2
62
4
62
2
63
4
62
2
63
3
62
2
